1403640671 3980
1403677803 6621
1403677847 6640
1403729008 6832
1403735424 7026
1403739330 7075
1403740100 7096
1403780948 7129
1403804747 7484
1403805201 7484
1403805370 7486
1403806417 7487
1403821928 7498
1403821977 7500
1403822565 7552
1403823288 7552
1403824630 7631
1403827713 7769
1403827907 7822
1403828790 7824
1403831216 7922
1403874999 8028
1403875007 8078
1403879506 8087
1403887669 8135
1403887868 8210
1403888461 8214
1403889259 8216
1403891249 8216
1403893440 8250
1403893946 8350
1403894395 8350
1403894425 8414
1403899165 8476
1403899206 8476
1403902441 8476
1403905138 8478
1403906903 8491
1403908290 9168
1403909117 9172
1403912934 9282
1403913000 9324
1403914247 9322
1403944511 9563
1403945618 9587
1403963537 9680
1403964562 9689
1403975482 9689
1403982011 9698
1403982051 9705
1403986302 9840
1403987066 9852
1403989412 9974
1403989907 10053
1403990015 9852
1403990051 9857
1403990696 9864
1403991281 10079
1403992774 9986
1404054289 10082
1404077928 10177
1404078107 10476
1404078368 10476
1404082462 10476
1404087867 10490
1404095983 10743
1404096081 10744
1404128999 10744
1404132582 10814
1404137840 10826
1404137986 10826
1404150655 10829
1404153375 10918
1404153628 10919
1404153941 10920
1404154409 10916
1404155691 10941
1404156397 10947
1404161523 10947
1404164892 10950
1404167808 10871
1404173175 10645
1404179395 10647
1404179449 10647
1404179778 10661
1404203859 10661
1404204863 11597
1404209219 11612
1404211091 11612
1404211373 11612
1404214298 11612
1404214439 14923
1404214553 11612
1404215573 14923
1404237266 14961
1404237368 11612
1404238806 11612
1404240987 11616
1404242177 11620
1404245059 11648
1404246656 11653
1404251708 11653
1404252701 11655
1404252867 11677
1404253079 11675
1404253634 11675
1404253653 11675
1404254826 11711
1404295030 11711
1404332153 11725
1404332259 11729
1404401489 11729
1404401803 11714
1404408788 11737
1404410414 11746
1404410447 11751
1404416543 11751
1404418286 12060
1404421358 12043
1404480647 12071
1404481334 12080
1404481407 12080
1404481504 12374
1404481628 12375
1404482013 12443
1404483281 12702
1404484889 12696
1404488595 12698
1404488858 12691
1404489634 12691
1404492331 12709
1404492559 12730
1404492772 12730
1404494563 12741
1404502259 12749
1404534301 12749
1404537744 13064
1404538068 13068
1404538391 13066
1404540527 13066
1404543217 13039
1404547785 13041
1404597769 13086
1404597795 13089
1404599209 13145
1404600687 13159
1404603080 13465
1404603759 13494
1404603792 13502
1404626010 13503
1404626134 13503
1404626169 13503
1404627925 13515
1404639339 13515
1404641101 13516
1404654684 13519
1404664666 13416
1404664685 13519
1404665133 14191
1404668655 14291
1404668765 14305
1404683773 14309
1404684217 14324
1404718267 14640
1404718525 14625
1404718625 14625
1404764979 14627
1404892525 14571
1404893579 14572
1404895066 14577
1404896675 14647
1405098008 14649
1405098209 14649
1405099084 14648
1405104932 14633
1405155292 14634
1405158959 14802
1405162240 14814
1405167024 14851
1405168902 14890
1405169521 14890
1405171284 378526
1405175382 14920
1405181125 14966
1405181170 14966
1405183201 14968
1405185541 14968
1405189807 14968
1405196869 14968
1405197431 14964
1405198738 15004
1405341955 15004
1405341975 15055
1405342102 15107
1405417427 15124
1405954689 15141
1406051114 15190
1406108831 15209
1406112612 15209
1406159340 15211
1406161734 15248
1406195317 15244
1406201853 15260
1406547656 15318
1406547682 15514
1406632154 15531
1406632162 15550
1406822675 15663
1406901965 15857
1406924642 15859
1407018596 15859
1407231107 15866
1407270254 16790
1407614852 16803
1407615154 16805
1407790276 16799
1407938525 16958
1407942212 17012
1408019976 16812
1408133299 17052
1408177667 16808
1408211132 16906
1408280274 16915
1408378469 16913
1408460313 16951
1408461620 18609
1408468287 17089
1408468556 17091
1408472367 17091
1408617379 17098
1408737003 17217
1409220776 17218
1409223124 17223
1409224166 17225
1409229038 17234
1409233571 17292
1409234038 17271
1409234285 17136
1409234552 17139
1409238806 17177
1409239932 17179
1409240805 17119
1409245611 17126
1409246508 17131
1409250028 17131
1409251946 17131
1409255815 17146
1409260013 17149
1409260293 17148
1409306202 17419
1409307320 17421
1409307977 17421
1409309529 17427
1409312437 17456
1409314832 17356
1409315599 17355
1409316158 17218
1409319570 17218
1409328976 17226
1409332834 17262
1409333302 17284
1409402441 17290
1409404523 17152
1409429607 17163
1409437238 17163
1409437991 17163
1409442945 17163
1409445225 17216
1409445335 17216
1409476631 17221
1409477969 17228
1409480081 17228
1409482181 17228
1409483251 17235
1409483626 17235
1409484462 17235
1409486279 17238
1409489617 17238
1409501866 17248
1409502595 17255
1409505111 17250
1409507229 17281
1409516805 17334
1409517892 17336
1409519191 17336
1409519227 17336
1409593294 17314
1409593444 16928
1409593692 16927
1409596384 16935
1409599448 17018
1409599470 17014
1409608491 17049
1409695264 17054
1409741681 17263
1409742158 17264
1409744249 17279
1409744415 17279
1409746920 17362
1409746963 17362
1409748018 17389
1409748729 17367
1409749005 17368
1409749140 17368
1409762160 17370
1409775474 17056
1409828693 17368
1409853619 17377
1409862514 17060
1409865106 17066
1409865239 17100
1409913292 17035
1410089759 16931
1410109232 17377
1410110478 17381
1410111109 17381
1410111330 17381
1410112633 17381
1410129214 17381
1410129322 17380
1410129681 17383
1410130092 17383
1410130771 17392
1410130891 17296
1410130985 17296
1410270933 17241
1410289720 17225
1410289832 17223
1410294994 17303
1410356542 17305
1410357833 17375
1410357933 17376
1410358664 17305
1410358714 17315
1410366603 17332
1410367612 17342
1410373947 17395
1410377664 17396
1410378229 17395
1410378609 17394
1410378798 17412
1410378823 17399
1410380629 17402
1410380876 17404
1410382382 17411
1410382845 17412
1410388895 17429
1410389135 17429
1410435627 17445
1410443074 17480
1410444494 17479
1410451502 17484
1410460630 17558
1410530143 17762
1410549386 17762
1410549470 17802
1410550718 17801
1410551458 17947
1410551853 18739
1410551989 18740
1410553469 18740
1410557744 18740
1410558073 18740
1410558937 18740
1410559645 19195
1410559920 19195
1410601182 19199
1410601798 19199
1410609637 19199
1410613421 19201
1410614135 19281
1410614693 19281
1410628496 19281
1410802091 19228
1410815149 19247
1410982265 19251
1411248779 19251
1411336880 19793
1411336896 19848
1411407057 19848
1411491748 20069
1411570276 20218
1411572518 20260
1411572924 20265
1411573330 20266
1411574154 20275
1411575729 20282
1411575909 20286
1411576340 20286
1411576840 20286
1411668461 20365
1411668523 20367
1411668648 20394
1411732333 20421
1411742244 20422
1411759400 20447
1411761411 20447
1411821471 20447
1411825606 20449
1411830091 20449
1411841701 20557
1411842116 20557
1411844833 20557
1411845942 20567
1411853203 20567
1411853494 20567
1411854201 20567
1411854662 20567
1411855780 20568
1411856089 20568
1411856380 20568
1411857585 20646
1411857781 20646
1411894562 20646
1411894789 20646
1411895998 20647
1411924836 20679
1411924881 20702
1411928083 20681
1411979911 20681
1412015320 20764
1412015574 20803
1412018701 21290
1412026678 21265
1412047478 21310
1412048733 21314
1412084530 21296
1412102510 21298
1412109984 21315
1412110828 21325
1412112872 21325
1412120393 21326
1412121688 21326
1412162580 21350
1412168148 21382
1412168758 21395
1412170709 21397
1412172303 21398
1412173804 21398
1412174994 21402
1412183880 21569
1412275201 21569
1412290507 21696
1412336912 21697
1412503004 21697
1412525676 19820
1412594984 20255
1412620090 20439
1412620106 20443
1412620133 20386
1412632394 20369
1412675436 20935
1412681869 20436
1412684259 20473
1412696624 20466
1412704698 20482
1412709673 20685
1412710844 20890
1412715905 20936
1412721716 20939
1412768032 21485
1412768951 21486
1412770714 21509
1412967632 21686
1412967661 21744
1412967781 22479
1413107142 22478
1413222856 22811
1413223669 22817
1413286617 22828
1413460335 22850
1413460418 22984
1413460563 23045
1413461105 23133
1413466152 23189
1413475440 23249
1413476952 23261
1413481092 23261
1413485856 23315
1413494062 23315
1413494685 23315
1413496294 23315
1413560047 23407
1413561428 23445
1413564752 23445
1413565795 23451
1413565855 25923
1413572424 26105
1413626343 26148
1413627227 26187
1413628049 26265
1413628078 26257
1413629056 26263
1413641915 26284
1413645087 26291
1413650592 26291
1413650681 26309
1413655548 26311
1413657739 26310
1413661653 26311
1413663083 26283
1413663914 26283
1413711151 26284
1413750822 26284
1413751513 26285
1413754616 26285
1413802644 26368
1413804932 26459
1413807207 26764
1413818418 26764
1413829296 26849
1413829301 26898
1413914628 26997
1413914641 27085
1413917080 27185
1413924262 27187
1414005817 27187
1414079313 27189
1414079821 27189
1414082114 27301
1414082855 29088
1414089568 29110
1414094025 29116
1414095097 29119
1414096743 29121
1414098110 29124
1414101630 29131
1414102728 29136
1414103807 29388
1414104095 29388
1414104757 29388
1414144623 29596
1414144641 29877
1414145587 29877
1414147042 29889
1414150928 29890
1414163780 29931
1414164064 29936
1414175475 29990
1414176954 29991
1414229365 30023
1414234883 30023
1414258715 30056
1414263308 30056
1414334894 30074
1414334916 30403
1414337035 30412
1414337107 30417
1414337742 30419
1414339716 30419
1414354359 30423
1414354725 30423
1414354924 30422
1414355485 30431
1414355604 30431
1414366311 30414
1414450581 30411
1414501165 30474
1414525640 30540
1414527697 30623
1414528071 30633
1414600618 30426
1414600634 30436
1414600648 30436
1414600661 30667
1414600708 30700
1414600720 30705
1414605752 30779
1414606883 31096
1414607375 31168
1414609826 31168
1414611389 31169
1414615059 31171
1414615596 31175
1414616465 31175
1414655454 31175
1414658447 31183
1414662266 31186
1414664732 31186
1414668664 31229
1414692498 31254
1414701501 31254
1414780898 31254
1414781167 31542
1414783438 31542
1414826898 31567
1414849921 31594
1414850563 31595
1414914911 31603
1414915205 31597
1414916653 31599
1414917944 31605
1414921318 31903
1414926795 31906
1414927454 31922
1414928862 31960
1414929498 31960
1414929755 31960
1414931880 31960
1414933419 31960
1414934270 31965
1414934598 31965
1414934646 31968
1414949787 32136
1414967874 32144
1414967968 32144
1414968053 32153
1414968067 32153
1415052931 32164
1415053271 32270
1415053297 32270
1415053421 32226
1415053453 32226
1415056010 32283
1415085447 32290
1415092904 32295
1415127699 33493
1415128235 33495
1415131381 33495
1415131530 33495
1415133921 33495
1415205692 33504
1415205782 33723
1415216926 33740
1415223984 33740
1415226471 33892
1415226649 35102
1415226875 35103
1415227910 35108
1415228198 35075
1415229213 35075
1415275068 35288
1415275140 35308
1415277260 35366
1415283149 35910
1415283702 35914
1415283721 35919
1415284008 35924
1415295588 35924
1415306504 35924
1415308588 35924
1415310901 35939
1415314236 35949
1415394943 35950
1415394953 36011
1415395251 36042
1415395268 36246
1415397478 36253
1415398767 36485
1415401726 36495
1415445558 36495
1415445810 36495
1415445837 36544
1415449650 36549
1415452071 36554
1415454386 36563
1415460652 36560
1415465233 36560
1415465580 36564
1415483013 36573
1415484862 36569
1415486478 36811
1415486879 36811
1415488108 36822
1415491806 36830
1415493547 36857
1415494862 36860
1415519231 36860
1415527440 36860
1415528268 36647
1415535261 36649
1415536951 36650
1415545074 36815
1415576073 39152
1415577840 39163
1415578655 39226
1415580035 39233
1415606147 39261
1415613152 39326
1415617915 39377
1415623406 39377
1415623774 39382
1415633811 39692
1415641811 39691
1415641855 39717
1415660113 39726
1415661862 39735
1415671855 39735
1415709468 39744
1415709609 39744
1415712677 39744
1415714588 39755
1415715554 39757
1415718981 39796
1415723617 39801
1415727059 39813
1415741871 39831
1415743988 39848
1415744476 39851
1415744850 39854
1415749693 39855
1415810223 39864
1415810242 39864
1415810271 39836
1415833991 39838
1415834236 39839
1415834291 39837
1415835695 39836
1415839577 39841
1415872802 39841
1415880896 40050
1415881112 40050
1415883544 40052
1415884175 40065
1415899228 40067
1415899881 40064
1415902806 40115
1415903145 40128
1415903390 40128
1415904183 40130
1415904212 40130
1415904233 40130
1415906282 40135
1415906488 40135
1415907129 40142
1415909657 40143
1415911958 40216
1415912278 40310
1415912503 40310
1415914758 40310
1415914810 40310
1415915129 40309
1415919221 40309
1415919709 40309
1415921414 40315
1415921930 40315
1415923001 40315
1415923543 40317
1415985120 40319
1415985273 40320
1415986169 40375
1415986312 40568
1415986318 40652
1415986323 40932
1415992343 40935
1415993483 40934
1415994932 40942
1415996188 40936
1416000819 40936
1416001449 40938
1416008618 41528
1416011324 41538
1416014954 41539
1416056375 41009
1416056416 41009
1416065323 41011
1416065767 41009
1416067449 41011
1416071621 41541
1416072870 41541
1416073507 41230
1416077430 41230
1416083441 41378
1416083502 41378
1416083576 41378
1416083617 41473
1416089091 41477
1416089850 41484
1416090390 41484
1416133455 41509
1416141393 41512
1416142245 41519
1416142683 41531
1416147490 41539
1416147817 41541
1416152490 41598
1416153093 41610
1416153873 41616
1416156306 41618
1416161085 41683
1416161497 41684
1416165480 41684
1416166120 41687
1416166325 41687
1416167360 41721
1416167504 41719
1416179104 41734
1416215387 41800
1416218384 41806
1416221272 41816
1416238530 41823
1416241344 41816
1416242157 41823
1416244408 41823
1416252379 41823
1416254419 41823
1416254764 41823
1416255031 42159
1416260975 42158
1416270315 42164
1416271724 42164
1416272944 42164
1416273139 42164
1416337484 42164
1416339066 42164
1416349414 42209
1416349431 42261
1416349861 42246
1416350102 42247
1416368872 42352
1416432392 42332
1416432469 42351
1416432534 42352
1416432717 42352
1416439364 42352
1416488428 42442
1416602990 43177
1416603035 43177
1416941903 43177
1416941918 43182
1416941937 43319
1416941962 43319
1416941974 43319
1416942027 43343
1416942050 43348
1417033772 43343
1417033786 43358
1417034200 43354
1417039791 43355
1417040517 43358
1417110124 43361
1417117108 43358
1417124918 43364
1417321979 45005
1417322513 45005
1417338402 45234
1417360832 45234
1417464903 45261
1417466874 45350
1417467335 45353
1417469829 45515
1417474313 45515
1417479246 45530
1417554209 45539
1417560475 45550
1417566377 45582
1417567730 45590
1417579273 45615
1417629256 45616
1417631938 45616
1417654330 45619
1417709739 45621
1417718344 45621
1417819335 45562
1417821683 45572
1417866278 45572
1417868532 45572
1417870144 45572
1417870774 45581
1417978489 45581
1418073406 45596
1418082881 45612
1418156292 45615
1418299365 45718
1418308261 45721
1418321481 45721
1421064110 49924
1421308091 49969
1421621636 49970
1421623360 49984
1421624624 50270
1421632445 50270
1421709187 50270
1421716894 50270
1421738868 50271
1421741276 50276
1421742265 50285
1421747317 50390
1421827911 50390
1421864193 50452
1421944175 50595
1421948624 50632
1421952352 50629
1421954467 50629
1422061406 50668
1422109871 50696
1422124327 50702
1422125303 50703
1422125896 50704
1422132413 50705
1422135971 50701
1422139063 50700
1422202700 50703
1422209597 50939
1422219081 50939
1422221937 50939
1422222679 50939
1422224275 50939
1422234132 50970
1422262256 50970
1422267472 50970
1422277280 50953
1422277759 50975
1422278723 50992
1422293353 50994
1422314607 50997
1422314682 51036
1422390824 51004
1422449012 51004
1422477221 51007
1422477609 51007
1422506653 51007
1422548781 51007
1422550007 51261
1422551459 51261
1422556163 51289
1422563013 51305
1422574820 51310
1422701509 51315
1422741966 51315
1422745422 51317
1422745760 51406
1422748379 51495
1422748628 51495
1422750322 51495
1422792872 51492
1422792967 51657
1422802759 51852
1422808396 51865
1422826213 52222
1422945172 52570
1422986317 52570
1423009325 52573
1423087881 52604
1423089069 52612
1423093385 52818
1423157248 52819
1423157995 52819
1423168894 52820
1423249222 53442
1423249813 53534
1423251043 53534
1423252587 53534
1423252890 53403
1423253615 53403
1423254541 53664
1423309695 54803
1423310109 54804
1423312951 54811
1423328998 54956
1423334449 54963
1423423759 55232
1423423803 59886
1423510530 59959
1423629805 59968
1423630317 59969
1423658776 59969
1423687962 59966
1423803606 62738
1423805269 62736
1423806633 62731
1423810959 62731
1423956381 62731
1423957682 65842
1423959045 62731
1423997636 65842
1423997966 65843
1423998946 65842
1423999493 65869
1424006749 65871
1424016944 65871
1424017260 65871
1424026096 65869
1424042682 65873
1424043405 66252
1424048171 66256
1424131416 69410
1424131676 71883
1424157681 71885
1424226479 71884
1424226968 72061
1424227463 72058
1424228876 72059
1424230595 82162
1424232492 72062
1424236831 72062
1424240725 72115
1424244395 72115
1424245992 72117
1424246598 72121
1424279826 82150
1424282262 82162
1424282349 82162
1424283075 82162
1424290923 82164
1424294118 82165
1424377931 82166
1424382388 82170
1424393743 82173
1424399422 82173
1424545194 82173
1424549033 82184
1424555062 82185
1424566003 84970
1424566693 84972
1424602390 84983
1424602450 84973
1424602544 84959
1424603671 84962
1424622241 84964
1424622287 84963
1424622346 84963
1424625773 84970
1424628498 84986
1424628730 84986
1424644334 84760
1424644920 84813
1424645406 84815
1424646117 84818
1424649625 84824
1424651798 85110
1424653922 85110
1424718376 84826
1424719083 84831
1424727875 84834
1424729809 84972
1424729962 85110
1424730308 85110
1424730473 85110
1424742080 85111
1424769529 85112
1424820994 85252
1424821280 85443
1424857307 85442
1424858581 85452
1424859638 85385
1424860215 85385
1424860393 85387
1424860954 85386
1424861508 85389
1424861697 85388
1424866605 85389
1424873130 85389
1424875250 85412
1424876122 85502
1424876896 85524
1424876944 85680
1424877378 85750
1424882923 85748
1424883034 85749
1424889366 85749
1424890709 85751
1424984195 85757
1424986216 85759
1425069990 85853
1425070501 85866
1425146347 85884
1425147640 85883
1425296322 85905
1425493789 85896
1425495209 85905
1425495286 88036
1425495681 88036
1425495721 88036
1425496313 88074
1425501085 88117
1425501408 88119
1425503622 88130
1425579630 88148
1425598522 88149
1425598753 88149
1425598821 88149
1425639672 90290
1425682667 88149
1425682714 90285
1425854273 90283
1426026891 90364
1426039273 90359
1426086629 90382
1426086953 90382
1426113848 90400
1426126398 90410
1426126672 90399
1426127846 90399
1426129254 90401
1426129330 90401
1426131210 90397
1426226412 90446
1426241508 90454
1426326466 90460
1426347281 90475
1426348805 92623
1426358772 92682
1426358885 92735
1426358944 92736
1426359077 92752
1426359118 92754
1426528586 92789
1426535615 92998
1426535761 93011
1426540534 93004
1426542119 92991
1426542432 93807
1426544769 93807
1426545321 93813
1426545649 94137
1426546035 94144
1426548514 94204
1426608856 94146
1426616327 94203
1426684879 94264
1426697497 94264
1426781017 94271
1426824122 94311
1426871440 94374
1426971506 94375
1427059020 94406
1427300532 94500
1427300853 94500
1427301125 94558
1427301928 94550
1427304762 94609
1427486502 94609
1427487351 94641
1427495633 94624
1427495768 94637
1428266235 94642
1430063273 95175
1430093510 95175
1430095696 95178
1430097412 95178
1430148125 95178
1430150384 95180
1431016739 95240
1431018177 95282
1431018313 95282
1431018581 95292
1431019233 95307
1431020600 95335
1431020838 95335
1431022310 96661
1431023735 96661
1431025566 96668
1431025897 96693
1431025925 96768
1431025957 96768
1431026231 96768
1431026464 96770
1431026493 96775
1431026726 96775
1431026757 96769
1431027011 96776
1431027177 96776
1431027232 97268
1431027572 97404
1431028840 97434
1431036832 97436
1431077287 97436
1431078479 97517
1431203715 97519
1431203758 97551
1431203890 97582
1431204975 97585
1431208985 97605
1431210907 97607
1431212180 97608
1431212201 97634
1431212640 97654
1431217847 97656
1431250867 97664
1431252109 97667
1431255573 97668
1431289891 97685
1431342463 97686
1431342547 97697
1431343247 97828
1431351648 97834
1431353172 97828
1431369679 97853
1431371368 97856
1431373136 97952
1431374637 97951
1431377312 97954
1431377442 97960
1431378085 97969
1431378966 98025
1431384002 98020
1431386852 98051
1431387845 98056
1431391504 98051
1431396766 97752
1431448778 97756
1431483934 97756
1431520632 97753
1431521025 97753
1431524360 97754
1431527094 97775
1431571662 97774
1431602079 97774
1431622327 97826
1431635777 97826
1431702310 97723
1431775552 97714
1431776744 97714
1431778115 97714
1431806353 97669
1431808317 97700
1431824936 97726
1431883836 97730
1431883866 97730
1431885926 97730
1431886399 97732
1431949064 97766
1431952998 97766
1431953759 97766
1431953844 97771
1431983454 97754
1432031678 97761
1432057201 97765
1432060662 97765
1432470978 97777
1432471110 97778
1432471144 97796
1432471168 98405
1432471360 98405
1432471393 98407
1432473420 98404
1432478962 98416
1432480856 98414
1432482415 98419
1432496424 98483
1432508037 98484
1432510891 98484
1432551531 98484
1432551589 100933
1432551612 100933
1432552847 101624
1432570274 101628
1432571989 101634
1432578186 101630
1432585377 101636
1432585739 101636
1432585779 101676
1432586239 101684
1432589036 101684
1432589109 101684
1432594838 101684
1432654362 101684
1432654462 101684
1432656851 101683
1432765649 101687
1432904133 101699
1432913365 101703
1432913483 101703
1432913511 101703
1433058223 101842
1433170607 101842
1433171029 101892
1433266061 101905
1433283096 101909
1433290237 101941
1433325293 102650
1433327129 102632
1433328780 102622
1433335739 102621
1433352797 102624
1433408123 102624
1433431378 102627
1433445511 102627
1433445842 102624
1433445921 102629
1433446423 102629
1433447565 103660
1433450129 103667
1433453657 103683
1433463934 103249
1433466462 103249
1433495160 103099
1433495235 103101
1433499964 103130
1433501062 103163
1433501343 103159
1433502725 103159
1433507353 103163
1433510642 103220
1433510805 103226
1433510848 103228
1433511541 103225
1433511943 103229
1433520135 103394
1433523207 103408
1433533021 103658
1433534909 103678
1433535676 103674
1433538388 103674
1433540474 103683
1433542010 103685
1433543718 103693
1433547887 103693
1433548268 103697
1433548768 103695
1433549812 103695
1433555144 103696
1433578955 103708
1433598921 105341
1433599334 105338
1433599656 105338
1433603096 105340
1433614680 106075
1433616811 106085
1433617772 106084
1433618769 106093
1433619889 106094
1433620629 106096
1433621514 106096
1433623628 106287
1433629983 106258
1433631624 106264
1433632387 106270
1433669670 106270
1433678183 106474
1433684115 106478
1433689555 106479
1433701495 106495
1433706931 106530
1433756798 106532
1433756835 106526
1433786904 106514
1433791900 106530
1433807130 106530
1433807483 106530
1433942076 106534
1434106389 106540
1434106439 106568
1434795426 106582
1434796811 106583
1434796874 106585
1434802412 106585
1434896550 106585
1434974369 106894
1434974520 106894
1434977995 106923
1434990692 102745
1435017922 102745
1435141060 102746
1435173828 103148
1435173891 103148
1435240160 103180
1435308431 103297
1435319249 105606
1435320783 105548
1435320927 105549
1435320990 105696
1435336776 105762
1435338293 105776
1435362777 105776
1435426021 105776
1435432475 105836
1435432571 105837
1435432584 105872
1435433531 105873
1435499437 105879
1435508630 105965
1435532816 105966
1435570759 105967
1435588450 105997
1435673687 105997
1435751745 105999
1435756572 106015
1436009738 106010
1436009780 106017
1436135361 106026
1436294183 106025
1436921334 106632
1436921355 106054
1436921538 106066
1436921579 106068
1436922285 106068
1436922349 106067
1437077324 106639
1437077633 106639
1437350640 106641
1437600801 106797
1440103322 107256
1440103563 107256
1440103823 106355
1440103899 106355
1440104089 106355
1440104359 106383
1440104391 106385
1440104428 106385
1440105261 108896
1440107204 108900
1440132824 108906
1440133018 108906
1440133447 108906
1440135012 108907
1440238337 108907
1440239727 108626
1440244463 109580
1440314876 109580
1440347332 109584
1440351667 109584
1440411997 109749
1440414785 109796
1440414843 109798
1440415840 109811
1440432411 109978
1440456654 110063
1440530145 110197
1440583331 110191
1440614574 110193
1440614711 110193
1440615040 110212
1440615191 110214
1440682478 110214
1440784173 110241
1440786430 110241
1440859050 110213
1440888449 110286
1440941146 110867
1440958484 110975
1440963767 110975
1440966185 110394
1441018913 110394
1441223803 110402
1441223853 110402
1441293553 110394
1441293873 110395
1441293909 110374
1441371804 110374
1441431632 110374
1441473609 110374
1441474247 110398
1441478192 110396
1441491107 110372
1441491461 110371
1441520284 110388
1441520785 110388
1441533008 110388
1441540159 110388
1441702324 110388
1441704353 110390
1441718730 110447
1441718872 110453
1441959118 110669
1442063810 110985
1442077689 112505
1442083370 112505
1442085066 112505
1442085676 112449
1442089160 112449
1442154445 157910
1442159466 157926
1442181392 112449
1442181447 112449
1442181554 112449
1442181590 112449
1442251838 112437
1442252063 112437
1442253070 112450
1442255116 112456
1442269301 112520
1442332726 112515
1442335178 112515
1442498614 112515
1442516163 112515
1442516466 112515
1442516645 112515
1442527676 112514
1442564818 112514
1442596576 112514
1442599216 112514
1442621018 112514
1442621064 112514
1442648261 112523
1442649328 112523
1442650504 112907
1442650830 112481
1442656737 112468
1442661131 112511
1442700206 112511
1442855760 112541
1442953022 112541
1443032427 112526
1443035898 112528
1443117892 112529
1443117994 112533
1443118984 112533
1443127276 112583
1443203197 112588
1443211022 112594
1443383269 112625
1443383321 112627
1443390302 112631
1443390730 112612
1443391542 112611
1443465406 112612
1443549957 112612
1443550030 112613
1443551796 112605
1443640478 112639
1443731107 112643
1443813177 112842
1443860524 112848
1443891132 112850
1443892212 112853
1443950516 112855
1443952918 112855
1444231240 112906
1444296676 112908
1444297573 112910
1444326824 112910
1444326951 112909
1444327208 112939
1444333168 112950
1444341442 112950
1444349451 112953
1444376560 112960
1444473139 112971
1444477567 112974
1444519054 112977
1444591296 113032
1444591666 113054
1444764661 113044
1444780855 113041
1444824668 113041
1444825033 113041
1444830368 113041
1444930118 112370
1445013210 112365
1445019804 111873
1445092116 111879
1445095889 111887
1445102278 111891
1445198101 113044
1445198832 113046
1445199531 112584
1445199587 112583
1445343832 113028
1445343890 115657
1445371280 112661
1445429862 112662
1445444717 112662
1445450676 112668
1445450748 112680
1445451135 112683
1445451190 112713
1445458727 118202
1445458777 113059
1445489425 113059
1445494353 113057
1445596299 115665
1445611069 113102
1445622589 113095
1445715924 113097
1445727401 118207
1446153532 118205
1446293089 118207
1446490590 113106
1446493457 113105
1446499474 113105
1446771160 113168
1446797352 113168
1446798314 112716
1446798763 112738
1446799461 112764
1446810075 112768
1446828260 112763
1446839760 112767
1446847551 112768
1446848242 112847
1446848792 112995
1446848866 112989
1446854492 112989
1446856359 113025
1446892037 113026
1446892231 113026
1446916990 115685
1446917401 115683
1446922193 115723
1446930384 115723
1446931448 115723
1446939152 115735
1446946104 115740
1446958805 118202
1446980782 115746
1446982578 115748
1446985731 115748
1446986432 115738
1446996220 115744
1446999554 118207
1447000932 115750
1447013013 118200
1447013134 118227
1447013204 118225
1447013335 118221
1447013378 118234
1447013463 118224
1447013581 118228
1447013626 118236
1447014379 115753
1447017781 118235
1447017816 118235
1447021364 115753
1447032003 115768
1447032976 115768
1447095876 115770
1447107812 115773
1447108020 115770
1447114810 115794
1447167475 115791
1447184473 115796
1447201841 118225
1447201925 118218
1447266843 115796
1447332390 117939
1447366097 118249
1447399854 117940
1447484665 117318
1447492138 118219
1447531349 118217
1447531458 117317
1447532802 117319
1447532939 116383
1447534232 118231
1447541490 116382
1447551496 118269
1447589460 118271
1447714677 118272
1447715690 118401
1448102699 118401
1448103982 118402
1448106024 118269
1448108420 116383
1448795522 118403
1448836662 118397
1448837152 118406
1448953572 116233
1448955993 116233
1448956613 116234
1449196627 116135
1449215053 116114
1449226217 116114
1449226448 116114
1449226885 116119
1449230038 116137
1449233802 116136
1449240670 116135
1449249647 116135
1449257750 116149
1449261393 116149
1449278753 116154
1449279311 116155
1449282120 116171
1449285648 116171
1449324272 118411
1449324666 118419
1449325977 116622
1449331814 116653
1449338908 116604
1449338960 116595
1449339273 116595
1449342479 116629
1449349296 116630
1449351316 116632
1449456680 116659
1449470957 116681
1449524344 116693
1449546739 118400
1449598865 116724
1449609208 116724
1449612615 116732
1449614476 116724
1449615943 116772
1449623659 116772
1449626589 116805
1449664442 116805
1449702163 116804
1449702191 116804
1449702307 116804
1449705299 116803
1449726508 118421
1449727303 116803
1449776488 116803
1449776657 116861
1449776726 116862
1449777174 117190
1449778058 117184
1449778924 117184
1449781309 117184
1449789381 118227
1449798310 117163
1449837146 117163
1449871135 117163
1449875672 117166
1449878934 117166
1449920136 117244
1449928923 117244
1449932160 117249
1449941282 117313
1449941857 117313
1449947577 117314
1449959376 117314
1449959791 117371
1449960267 117388
1449964737 117414
1449968687 117413
1449979683 117414
1450009634 117446
1450042211 117442
1450044168 118426
1450048869 117459
1450113070 117484
1450113253 117501
1450115352 117516
1450122959 117520
1450132032 117525
1450132508 117525
1450146674 117525
1450202939 117521
1450202968 117519
1450203559 117507
1450203634 117506
1450204286 117509
1450205309 117531
1450205650 117535
1450209549 117536
1450210015 117536
1450210750 117545
1450233997 117558
1450268361 117558
1450347906 117557
1450375669 117571
1450495088 118161
1450495205 118169
1450496431 118169
1450496575 118169
1450497623 118170
1450498728 118171
1450500455 118171
1450500641 118171
1450537095 118171
1450538937 118175
1450539789 118182
1450540275 118217
1450541239 118208
1450649403 118422
1450656849 118422
1450657668 118552
1450658159 118552
1450698065 118553
1450701320 118570
1450717880 118572
1450725408 118572
1450888986 117695
1450904758 118572
1450909760 118571
1450969205 118571
1451505620 117841
1451511619 118571
1451561722 117844
1451568972 118583
1451569095 118620
1451752803 117722
1451754929 157927
1451755647 117692
1451772101 117694
1451823149 118150
1451823184 118118
1451910205 117694
1451943270 117717
1452189776 117632
1452189811 117634
1452197805 117655
1452366722 117636
1452379027 117618
1452469555 118173
1452469634 118173
1452469679 118165
1452539199 117606
1452776583 117611
1452777112 117611
1452875920 117642
1452876012 117642
1452876255 117656
1452876594 117661
1452877011 117839
1452896463 117983
1452897755 117983
1452907436 117985
1452950547 117985
1452951041 117994
1452955491 117997
1452971323 117997
1452972661 117997
1452979275 118165
1452979634 118159
1452979893 118184
1452985168 118150
1453022949 157927
1453026890 118214
1453027025 118216
1453027163 118215
1453033496 117988
1453044442 117991
1453052467 117991
1453133253 117990
1453134702 117990
1453206773 117990
1453217322 117973
1453243782 117990
1453296797 118086
1453305496 118093
1453305683 118093
1453335334 118097
1453340230 118118
1453340473 118119
1453340672 118122
1453341646 118122
1453348046 118065
1453348760 118070
1453349970 118070
1453350527 118070
1453351012 118072
1453353570 118069
1453356790 118074
1453358835 118087
1453359886 118071
1453384431 118148
1453384574 118148
1453387478 118143
1453388595 118145
1453389925 118073
1453390993 118053
1453391485 118147
1453392697 118147
1453403838 117935
1453417651 117935
1453417854 117921
1453419863 117918
1453420730 117919
1453427166 118148
1453548748 117914
1453562552 117910
1453645846 120173
1453646555 120182
1453735622 120182
1453736145 120186
1453794395 120550
1453809964 120434
1453811870 120434
1453815939 120550
1453817644 120555
1453823301 120560
1453826950 120560
1453829763 120563
1453857724 120561
1453921592 120561
1454174480 120590
1454244147 120590
1454258790 120635
1454265270 120639
1454279834 120652
1454597178 120031
1454873889 120095
1454953367 120095
1455673615 122381
1455967496 122377
1456382916 122415
1456500613 122391
1456628178 122391
1456628783 122415
1456674803 122411
1457735252 122473
1457737879 122451
1457740704 122454
1457740890 122455
1457741090 122459
1457741508 122459
1457741577 122463
1457742884 122644
1457745916 122644
1457866847 122644
1457868837 122701
1457956739 122730
1457957030 122730
1458003512 122710
1458566718 122609
1458574599 122609
1458584432 122663
1458596031 122658
1458596806 122655
1458596931 122678
1458643091 122680
1458648793 122810
1458649079 122816
1458649171 122820
1458649705 122820
1458651818 122820
1458651958 122818
1458657890 122818
1458729915 122841
1458730094 122871
1458730520 122874
1458744586 122916
1458778209 122937
1458845438 122925
1458845853 122929
1458846955 122933
1458848255 123575
1458848656 123562
1458891944 123570
1458912588 123503
1458944730 123539
1458985547 123510
1458986187 123514
1458992208 123554
1458996591 123555
1459090984 123598
1459091366 123600
1459091569 123600
1459190250 123663
1459207395 123732
1459287897 123746
1459289343 123746
1459324582 123747
1459342257 123906
1459350342 124900
1459387362 123905
1459426331 124901
1459430089 124902
1459531579 123905
1459686291 123905
1459805763 123915
1459806101 123915
1459806565 123917
1459878918 123872
1459893010 123917
1459984476 123874
1460137471 123872
1460144499 123874
1460147350 124882
1460371905 123884
1460372215 123883
1460372703 123883
1460394021 123898
1460394156 123927
1460573819 123945
1460576723 123961
1460576949 123962
1460590973 124027
1460608567 123978
1460668136 124027
1460674411 124894
1460675689 123997
1460741518 124035
1460741753 124061
1460757944 124067
1460760901 124404
1460771794 124594
1460782152 124592
1460785863 124712
1460893871 124592
1460895691 124627
1461083585 124739
1461143874 124740
1461184013 124753
1461219681 125033
1461277986 124796
1461316140 124799
1461318096 124799
1461367814 124810
1461369266 124807
1461407307 124801
1461407392 124801
1461438709 124931
1461439027 124898
1461442494 124930
1461448953 124929
1461496322 124933
1461499568 124900
1461501858 125025
1461516304 125035
1461603273 125037
1461605202 125040
1461605769 125064
1461605939 125066
1461606407 125064
1461611368 125211
1461837950 125248
1461838629 125261
1461858005 125260
1461868899 125254
1461869342 125254
1461916882 127704
1461921719 125258
1461926037 133848
1461946745 125261
1461952721 125265
1462006735 125265
1462014010 127517
1462043216 127565
1462396051 127587
1462450352 133845
1462466061 133891
1462470099 127766
1462470303 128052
1462470436 127600
1462470531 127428
1462470613 127615
1462472403 130071
1462473623 132527
1462478606 132654
1462479952 132793
1462481704 132808
1462542279 133751
1462543058 133838
1462674658 133930
1462676918 133935
1462695098 133934
1462723318 133935
1462775191 133935
1462775966 133925
1462802254 133938
1462803130 133938
1462805867 133952
1462820012 133925
1462822197 133925
1462828812 133925
1462874047 133945
1462884162 132883
1462939925 133926
1462962588 133969
1463078335 133983
1463121823 133945
1463307728 133960
1463308300 133982
1463310884 133980
1463312275 132853
1463312585 132871
1463312983 131693
1463313542 131701
1463345109 131765
1463433675 131868
1463499745 132004
1463607042 131869
1463667256 140817
1463672593 131868
1463677021 131866
1463838735 131868
1464108266 131868
1464439306 132003
1464463573 131871
1464550805 131999
1464874779 131871
1464876525 131871
1464876657 131871
1464891270 131871
1464900850 146872
1464957928 132003
1465052561 146864
1465070640 131641
1465071147 131641
1465135065 140793
1465318781 131637
1465318860 131638
1465319885 131542
1465330918 140776
1465343912 131567
1465344316 131567
1465411200 131630
1465418124 131586
1465423143 131629
1465483768 131630
1465488520 134120
1465493220 140805
1465670399 134122
1465670738 134124
1465684300 134485
1465715585 134504
1465762683 140779
1465762794 140783
1465829202 140793
1465850467 151723
1465851175 140793
1465851990 141117
1465854487 141117
1466104783 143619
1466107200 141081
1466253438 141089
1466270494 143732
1466333424 143914
1466333957 143867
1466336968 143912
1466450093 143913
1466713790 143917
1466714829 143917
1466716762 143919
1466717264 143919
1466717806 146341
1466804620 146344
1466866407 146343
1466866638 146341
1466867696 146342
1466868053 146343
1466876033 146346
1466923943 146537
1466933621 151523
1466933961 151523
1466963818 146562
1466978659 146908
1467028203 146549
1467111838 146402
1467128053 146525
1467133393 146347
1467151161 146428
1467151454 146525
1467284946 146352
1467285193 146357
1467287385 146372
1467317737 146862
1467319131 146862
1467411197 147028
1467542481 146969
1467542953 146918
1467545239 146919
1467545411 146919
1467627123 146984
1467627353 146985
1467649319 146983
1467650999 147006
1467686246 147010
1467707882 147006
1467808813 147018
1467810270 147037
1467895314 147028
1467926406 147082
1467927114 147053
1467928676 147061
1467929264 147061
1467929366 147069
1467992785 147082
1467993378 147071
1468228289 147067
1468228905 147064
1468229768 147067
1468265221 147082
1468265785 147082
1468266778 147073
1468310161 147074
1468310777 147067
1468345769 147132
1468346201 147333
1468349269 147360
1468358062 147384
1468361207 147392
1468361660 147333
1468361737 147374
1468437806 147344
1468439023 147360
1468486433 150155
1468486475 150158
1468486530 150160
1468487799 147592
1468488434 150165
1468495785 147606
1468496587 147614
1468499075 147618
1468533404 147622
1468536310 147610
1468536463 150160
1468551575 150156
1468570336 147592
1468605074 147626
1468614907 147626
1468615000 150160
1468683184 150160
1468705214 147592
1468705310 147714
1468705812 147602
1468709012 150160
1468733899 150155
1468952215 150160
1469259542 151634
1469346676 150160
1469355889 150160
1469368036 150154
1469368845 150154
1469369358 150154
1469462008 151642
1469721822 151651
1469734051 151630
1469734166 151632
1469735606 151636
1469815062 151598
1469889901 183333
1469961683 151645
1469963034 151658
1469981158 151601
1469989325 151721
1469993088 151710
1470078540 151662
1470079846 151558
1470080132 151543
1470081215 151543
1470081448 151540
1470082128 151582
1470118235 151582
1470178757 154102
1470297169 154469
1470306023 151598
1470333383 155853
1470388734 154307
1470412235 154112
1470473573 151617
1470473783 151633
1470476390 154284
1470480522 154302
1470483356 154284
1470487361 156062
1470504221 155012
1470511720 162079
1470513097 154336
1470544613 193146
1470549184 155012
1470575093 155012
1470598017 154344
1470603200 155012
1470630097 154469
1470647809 154468
1470650867 154470
1470652708 155011
1470654163 155849
1470656455 155853
1470759398 155008
1470763371 155012
1470768950 155203
1470770989 182971
1470784353 155204
1470856606 155204
1470894635 155342
1470932496 155204
1470935298 155205
1470946554 155331
1470950516 155331
1471035345 155846
1471171593 155847
1471197835 192398
1471296113 156086
1471299934 155848
1471422006 183334
1471513102 162439
1471520908 155851
1471588862 155861
1471593089 183334
1471597206 185461
1471609371 185637
1471610670 162460
1471672004 162024
1471679563 155861
1471682095 182092
1471815007 182067
1471868677 182234
1471901111 156115
1471987155 155860
1471996298 182268
1471997606 185418
1472020836 155869
1472158523 155870
1472202773 155873
1472217231 156213
1472222037 156299
1472241826 156318
1472302540 156138
1472344372 156305
1472411700 156016
1472418575 156162
1472454443 170824
1472512293 188535
1472587059 156186
1472637085 156344
1472762626 156015
1473003415 156764
1473013335 156026
1473105637 156039
1473133691 156777
1473153127 156777
1473167536 156763
1473213550 156777
1473349841 156777
1473540231 156780
1473677338 156795
1473677496 156805
1473677785 156805
1473707772 156941
1473715188 157119
1473715218 157118
1473761941 156941
1473792868 157137
1473799124 156941
1473868067 157053
1473872543 157001
1473964650 157057
1473969060 157057
1474024177 157057
1474139614 157068
1474140138 157065
1474219356 157070
1474222098 157093
1474396815 159154
1474526881 180848
1474571142 180856
1474571526 180819
1474582255 157285
1474582360 157319
1474583091 157329
1474601493 157330
1474604844 157144
1474663676 157135
1474711601 157141
1474716309 157275
1474747406 181040
1474747588 180853
1474751865 181040
1474752168 181040
1474754224 157149
1474909996 157248
1474942552 157261
1474967978 157261
1474976045 157348
1475030221 157261
1475077641 157364
1475361193 157847
1475395193 157348
1475395326 157329
1475399231 157827
1475412118 157847
1475436092 162018
1475476740 157847
1475533501 157847
1475568487 157932
1475666289 157847
1475670581 157878
1475671097 157945
1475674445 157874
1475735695 157956
1475778030 157883
1475779857 158253
1475783766 157945
1475786270 157885
1475845582 159404
1475854705 157966
1475876933 157887
1475914321 158246
1475955720 158253
1475963971 158459
1476008391 158253
1476014145 158289
1476014734 158384
1476024195 158409
1476051381 158434
1476101466 159225
1476111838 159134
1476131514 159170
1476131979 159245
1476168200 159133
1476176467 159237
1476176499 159404
1476196119 159241
1476204448 159131
1476223090 159249
1476272251 159233
1476352372 159195
1476404354 159272
1476457719 159170
1476527114 159276
1476545085 159253
1476558258 159368
1476622545 159374
1476696190 159374
1476793019 159374
1476803142 159382
1476823421 159374
1476824278 162155
1476862282 159374
1476874041 159380
1476954005 162260
1476997227 159374
1477055807 159380
1477168780 159372
1477169355 159404
1477171230 159404
1477171437 159404
1477214565 161935
1477258398 161940
1477317022 161940
1477471655 161966
1477474274 159404
1477483320 161940
1477498506 161941
1477515983 185818
1477517191 161966
1477579043 186159
1477590868 161950
1477590998 161950
1477629939 161967
1477649284 161967
1477699120 161967
1477725010 161966
1477762401 162024
1477781283 162024
1477837985 162024
1478031611 162253
1478123845 162024
1478200264 162080
1478338429 162139
1478383822 162377
1478395159 162139
1478473223 162281
1478532886 162274
1478534639 162399
1478538982 162632
1478553237 162277
1478556870 162283
1478628129 162599
1478640068 162630
1478645871 181170
1478651290 162283
1478672447 162550
1478819527 162283
1478896545 162693
1478900166 162287
1479050400 162377
1479050733 162763
1479053763 184173
1479076470 162636
1479080645 165217
1479087648 162994
1479088378 162917
1479196823 165621
1479212371 162761
1479252462 162840
1479327480 165621
1479546224 163071
1479546376 163148
1479569728 165150
1479569919 165153
1479583543 170835
1479595504 165289
1479596681 165361
1479596730 165505
1479667743 165517
1479753619 165433
1479768765 165508
1479812053 165505
1479815555 165508
1479823375 165709
1479839635 168596
1479846987 165725
1479850380 183021
1479875012 168415
1479914067 168508
1479981007 165613
1479989711 170866
1480080223 168774
1480092331 168686
1480178969 165620
1480241698 168790
1480340018 170870
1480340527 165620
1480341851 168420
1480342234 170758
1480342489 170867
1480368454 170758
1480417742 170870
1480433855 171259
1480488315 183036
1480512228 171495
1480523910 171376
1480573202 183057
1480696343 174305
1480700114 170879
1480760937 171495
1480805043 183068
1480957438 170906
1480969476 181524
1480996700 170916
1481027727 170916
1481072347 170972
1481125886 171138
1481127054 177755
1481129006 174310
1481129102 177746
1481130553 177747
1481163386 171005
1481211407 171140
1481220005 177741
1481252077 177746
1481253587 177742
1481369057 177751
1481461649 177755
1481461827 181074
1481481674 183068
1481493715 177756
1481497833 177759
1481562894 177762
1481611510 177763
1481670017 181051
1481712859 181053
1481745800 180584
1481747496 180801
1481822865 177767
1481870102 180598
1481870489 180706
1481877030 180589
1481877256 180706
1481971903 180803
1481985667 181074
1481996875 180801
1482005204 180818
1482005360 182269
1482012343 181808
1482012912 180801
1482014236 181074
1482023264 181074
1482029842 180801
1482059490 181067
1482074257 180804
1482075169 180819
1482093066 181360
1482097345 181076
1482104557 181136
1482109469 181136
1482114386 181507
1482127506 181520
1482128792 181066
1482129994 181055
1482148127 181066
1482211647 181055
1482218054 181066
1482225705 181553
1482377525 181066
1482394767 181066
1482403124 181066
1482504994 181066
1482526999 181063
1482663195 181067
1482687961 181131
1482698257 181604
1482704160 181492
1482710315 181402
1482712762 181497
1482751993 182147
1482758738 181174
1482761665 181139
1482822248 181389
1482843525 182134
1482850931 182121
1482869586 181409
1482879063 181431
1482932833 182134
1482936191 181509
1482940175 181389
1482951923 181539
1482954052 181665
1483003232 181515
1483015538 181509
1483021066 181508
1483027760 181980
1483049688 181941
1483094498 181846
1483098371 181555
1483102165 181567
1483181584 181568
1483376557 181582
1483379514 181589
1483449141 182017
1483471492 182108
1483501575 181942
1483529491 182095
1483533087 182088
1483538686 181975
1483546324 182075
1483551778 182196
1483560454 183073
1483566320 182092
1483638201 182134
1483638509 182134
1483643218 182196
1483700574 182266
1483705371 182121
1483705889 182063
1483739140 183079
1483776036 183090
1483882591 182154
1483884145 183090
1483885535 182184
1483901316 182712
1483992412 182305
1483997346 182202
1483998398 182146
1484066115 182147
1484149036 181725
1484149274 182154
1484151718 182147
1484168765 182159
1484340340 182724
1484343660 181829
1484418272 181819
1484471899 181824
1484474987 181812
1484477543 181735
1484595664 181834
1484670630 181814
1484671796 181834
1484778767 182812
1484834613 182828
1484915714 182820
1484941990 181834
1485005104 182828
1485098429 182841
1485289725 181834
1485292868 182195
1485292914 182192
1485348852 182867
1485380348 182854
1485380400 182854
1485432426 182880
1485453622 182854
1485465659 182893
1485574306 182274
1485635142 182268
1485638336 181843
1485638990 182180
1485680165 182318
1485685670 183349
1485701534 182906
1485808792 182550
1485810402 182752
1485812958 182914
1485843270 182762
1485843548 182770
1485844811 185431
1486094670 182724
1486194154 182729
1486213216 182470
1486215314 182485
1486217456 182940
1486218648 182651
1486220286 182792
1486239211 182927
1486245067 182804
1486278758 183226
1486288410 183222
1486289961 183259
1486291151 183337
1486293230 183215
1486300273 183337
1486305517 182532
1486324985 183235
1486390548 182487
1486390694 182527
1486462567 196734
1486468062 182533
1486468457 182658
1486468576 182658
1486473103 183195
1486557167 182624
1486557262 182657
1486591085 183137
1486628151 183175
1486644557 183155
1486653605 182672
1486654515 182672
1486766168 185919
1486775513 182676
1486779224 185928
1486780444 185936
1486792326 182692
1486794784 185402
1486797536 185936
1486988055 185899
1487021047 185879
1487043016 185863
1487197465 182692
1487201894 184848
1487208741 182692
1487213502 184856
1487213557 184875
1487297656 193877
1487349894 182692
1487461571 182809
1487461578 182812
1487584055 185397
1487594454 186158
1487658784 183255
1487670372 186158
1487678769 184242
1487695031 184230
1487737040 184194
1487737141 184206
1487787767 185455
1487795781 185657
1487836976 184218
1487839666 185433
1487854236 184206
1487887157 186150
1487921538 184194
1488034742 185455
1488044496 185644
1488045803 186151
1488049397 185627
1488057238 184201
1488060367 185739
1488065117 186112
1488065643 184150
1488066597 186112
1488103333 183853
1488109965 184254
1488117886 184042
1488118948 184929
1488311320 184072
1488391961 184045
1488392553 184118
1488447774 184068
1488582090 184118
1488616180 184229
1488616718 184244
1488625833 184259
1488648275 184117
1488659742 185026
1488709601 184150
1488711380 184145
1488745525 184288
1488747248 184286
1488747333 184162
1488895432 184148
1488962516 184326
1488974887 184147
1489319626 184169
1489336658 185211
1489350744 184207
1489438158 184279
1489567992 184326
1489741089 184207
1489801474 184294
1489801971 184309
1489865761 184214
1489927000 184215
1489927084 184211
1489929228 184811
1489930110 184746
1489930561 184877
1489933077 184810
1489934474 185337
1489936431 185320
1489963963 185354
1490042073 194612
1490047610 184878
1490076610 185030
1490096319 185371
1490121627 185059
1490125732 194612
1490136166 185389
1490176086 185039
1490272522 185060
1490289692 185152
1490347240 185063
1490359694 185236
1490391735 185406
1490431110 185457
1490431331 185168
1490441816 185423
1490449603 185339
1490479234 185170
1490499254 185440
1490516293 185211
1490721368 185491
1490725729 185508
1490730639 185235
1490807070 185474
1490807950 185440
1490844949 185176
1490906383 185136
1490946333 185226
1490960270 185236
1490960345 185142
1491154707 185150
1491291522 185225
1491317653 185525
1491465613 185283
1491583207 185323
1491594447 185286
1491759946 185344
1491948655 185356
1491948955 185344
1492032468 188651
1492032667 185338
1492352044 194034
1492360949 185286
1492461332 188438
1492461430 185286
1492461733 188440
1492461898 188429
1492462485 188431
1492466123 188439
1492612396 185542
1492612443 185542
1492626423 185252
1492799892 188378
1492857216 194071
1492868667 185253
1492948220 185253
1493149710 185303
1493244386 194085
1493318631 194161
1493376503 185304
1493579882 188449
1493657327 188629
1493728023 188438
1493750095 188459
1493840302 188638
1493921874 188659
1493926959 188684
1493930395 188647
1493985009 188550
1494019267 188416
1494021206 194156
1494024615 194226
1494024809 194226
1494070550 188550
1494072248 188534
1494074154 188552
1494074315 188543
1494076423 188415
1494098520 188658
1494100786 188557
1494105165 188547
1494157277 188428
1494158496 188546
1494158699 188684
1494166086 188417
1494171776 188491
1494180295 188534
1494190419 192394
1494190913 192395
1494242757 188433
1494276048 188539
1494278294 194612
1494339972 188550
1494401045 188543
1494508734 188667
1494512671 188676
1494513524 188686
1494515712 188696
1494534087 188548
1494565994 188548
1494609918 188676
1494678354 188550
1494709669 188548
1494758900 188550
1494759112 188553
1494759221 188554
1494759256 188554
1494762186 188676
1494762493 188715
1494766081 188705
1494797778 188555
1494840029 194234
1494876565 194242
1494880935 194255
1495049357 188724
1495055135 188555
1495106926 188733
1495300828 188564
1495568335 188705
1495568425 188705
1495568477 188705
1495568612 188705
1495742098 188762
1495888544 188554
1495959344 188530
1495964351 188586
1496091601 192397
1496092320 188771
1496092492 188583
1496141579 188557
1496141701 188559
1496231403 188559
1496302907 188568
1496303459 188556
1496344432 188554
1496412275 188495
1496435592 188436
1496521535 188440
1496564871 191600
1496571345 188534
1496613133 188445
1496679254 194255
1496680578 194262
1496732839 191615
1496776161 188440
1497037138 192168
1497077477 188401
1497093177 192179
1497174755 188403
1497198997 194612
1497199019 188408
1497206914 188403
1497206924 188403
1497210964 188407
1497211538 188402
1497255188 188402
1497256399 188402
1497257850 188403
1497257858 188401
1497260668 194263
1497297577 192179
1497300431 192184
1497522627 188418
1497569045 191640
1497610075 188433
1497611914 188434
1497660737 191666
1497785731 188530
1497786260 188524
1497804856 188440
1497864146 188445
1498026418 188440
1498050841 188453
1498061430 188521
1498072709 188521
1498216284 188567
1498235816 193753
1498415168 188658
1498415599 188578
1498459813 188574
1498466939 188656
1498468015 188581
1498471066 188595
1498472826 188582
1498474304 188572
1498474432 188557
1498474702 188569
1498474829 188573
1498475126 188594
1498478923 188580
1498479666 188599
1498479968 188599
1498507582 188599
1498512747 188608
1498554738 194034
1498657324 188581
1498738662 188597
1498941845 191692
1499023968 192187
1499029702 192186
1499029784 192179
1499455310 208906
1499512837 208873
1499513373 208871
1499520496 208844
1499523615 208831
1499531299 208841
1499537491 188620
1499570773 191606
1499571075 192151
1499621178 192179
1499963668 188606
1500203219 192177
1500206526 192270
1500207440 192260
1500240224 192273
1500286361 192276
1500303070 192279
1500349293 192279
1500708585 192270
1500812791 192277
1500845303 192280
1500965276 209092
1500983008 192280
1500992969 209048
1501060223 192381
1501060298 192280
1501060689 192385
1501061994 192386
1501062371 192392
1501063352 192391
1501080306 192386
1501098211 194705
1501134041 192384
1501134562 192387
1501134932 192388
1501134950 192388
1501139273 194775
1501175517 192389
1501228723 192398
1501250580 192393
1501346314 192388
1501349954 193753
1501350530 193825
1501351814 193844
1501352172 193754
1501448435 193147
1501499303 194849
1501590068 194919
1501652377 193832
1501652421 193152
1501695217 194992
1501706176 193836
1501706285 193838
1501706743 193839
1501707630 193842
1501737998 195066
1501912462 195139
1501917150 193838
1501917711 193843
1501928461 195139
1501928482 195139
1501928496 195139
1501928509 195139
1501928567 195139
1501928677 195139
1501928717 195139
1501928776 195139
1501928786 195139
1501928802 195139
1502013983 193842
1502014091 193828
1502018532 195139
1502020955 193818
1502021492 193818
1502025182 193827
1502025655 193810
1502200183 193829
1502225995 195282
1502227018 195209
1502398864 193810
1502398902 193811
1502400533 193819
1502484315 193811
1502487078 193881
1502488635 193882
1502529190 193860
1502531932 195425
1502532039 195351
1502533290 193864
1502547722 193881
1502619319 193882
1502865418 193740
1503088015 193820
1503090644 194611
1503148723 193748
1503237110 193864
1503237745 193865
1503240164 193861
1503267619 195495
1503268007 195495
1503384437 199380
1503693482 209057
1503782136 194318
1503807604 194035
1503808953 194318
1503814980 194332
1503817994 194321
1503832841 194033
1503843645 193882
1503844915 193882
1503951479 193882
1504043179 194033
1504075194 194233
1504075212 194226
1504076156 194305
1504116471 193854
1504210178 193854
1504458082 193855
1504643331 194269
1504985415 193855
1504985485 193856
1504985876 193856
1504987501 194057
1504991277 209078
1505027743 194292
1505032844 194303
1505108562 194308
1505283535 194614
1505414864 195568
1505524670 195639
1505549862 194308
1505549941 194307
1505555137 194313
1505640274 194318
1505683164 194383
1505849035 194443
1505898882 194537
1505898968 194574
1505988610 194575
1506008205 194575
1506160716 194613
1506331898 194614
1506332396 194613
1506410264 194609
1506447055 194611
1506448830 194614
1506527148 194615
1506534194 194623
1506543599 197923
1506544134 197966
1506545231 197971
1506545302 197874
1506548212 197969
1506616973 194634
1506627440 197970
1506627868 198003
1506636133 196916
1506637979 196917
1506676979 196931
1506724446 198109
1506794212 197237
1506866655 197326
1506885903 197016
1506930744 196992
1507056568 196741
1507239070 197064
1507292898 197112
1507320699 197040
1507323444 196741
1507361230 197088
1507367403 198108
1507376552 198523
1507395723 198549
1507395829 198542
1507410706 198556
1507414686 196996
1507447079 198662
1507463542 197880
1507497175 198952
1507573542 197888
1507580561 199296
1507581225 199312
1507583923 197888
1507633695 197888
1507755182 198557
1507781569 199328
1507841152 198109
1507844001 208895
1507844179 208876
1507845629 208923
1507903809 198954
1507944850 199344
1508046784 199392
1508054120 199360
1508064601 208849
1508084729 198956
1508084782 198965
1508089166 199376
1508089236 199376
1508089341 199376
1508089441 199376
1508090271 199376
1508091626 198980
1508319166 199408
1508340695 198967
1508344983 198969
1508366228 198965
1508605190 198986
1508660420 199360
1508673603 198979
1508682550 198985
1508688332 198986
1508689997 209388
1508690351 209422
1508691444 209440
1508759025 198982
1508759194 198984
1508759313 198985
1508796363 202338
1508880808 205303
1508933347 208268
1508963097 209120
1508963516 209110
1508997546 209276
1508997638 198980
1509026290 198986
1509058176 199380
1509058477 199287
1509061080 199280
1509069349 221186
1509085659 209282
1509103873 208726
1509105126 208727
1509105445 208727
1509105763 208727
1509123809 199280
1509125205 209277
1509125235 209277
1509125358 199375
1509125725 208891
1509127267 209277
1509138277 209335
1509141385 209882
1509172239 199280
1509184246 209117
1509185784 209107
1509187830 209701
1509187848 209704
1509193034 208895
1509221176 209704
1509265436 208728
1509268318 202343
1509269128 205308
1509269673 208273
1509269756 208737
1509376649 209463
1509388554 209892
1509389808 209454
1509404026 209457
1509404325 209460
1509405458 209106
1509456496 209841
1509457726 209866
1509459243 209895
1509473567 209463
1509473592 209463
1509473628 209463
1509529513 208927
1509529913 208917
1509557608 209896
1509561234 209473
1509569241 209466
1509712719 208926
1509712769 208926
1509744165 209476
1509830167 209107
1509898359 209583
1509900379 209585
1510259317 209106
1510354333 209600
1510415013 209758
1510415112 209758
1510448739 209753
1510474203 209753
1510481881 209734
1510515808 209753
1510557275 209734
1510571707 209831
1510587822 209753
1510590724 210194
1510605288 209749
1510605347 209749
1510605494 209752
1510633658 209753
1510646955 209751
1510651516 209751
1510695975 209753
1510696034 209753
1510735050 209751
1510778468 219794
1510780459 209925
1510780749 209925
1510784259 210066
1510785194 209751
1510842124 209929
1510866891 210079
1510951066 209738
1510958910 209735
1510960006 209738
1511285139 209753
1511380324 209760
1511380765 209741
1511445029 210072
1511445215 210072
1511455775 218222
1511457998 209759
1511458031 218230
1511458297 218247
1511504502 210089
1511504769 210096
1511515876 211813
1511516787 209762
1511517587 209758
1511641296 209803
1511641446 209803
1511642349 209803
1511642643 209930
1511891384 210094
1512022741 210087
1512210436 210095
1512210471 210095
1512337391 210087
1512941703 211858
1513079607 210087
1513082565 210087
1513725345 210075
1513852299 210144
1513887855 210077
1513895739 210077
1513895845 210079
1513896291 210079
1513978302 210080
1514119135 213073
1514201053 210135
1514212994 210141
1514213074 210140
1514331136 210136
1514455966 210140
1514638992 210136
1514920184 210208
1514920248 210179
1515023514 210148
1515103559 210156
1515175928 210192
1515179242 210195
1515237816 210187
1515279451 210194
1515337467 210209
1515350935 210198
1515431075 211845
1515437346 211826
1515455971 210195
1515510106 210195
1515539650 210196
1515666731 210196
1515666801 210209
1515705579 213078
1515705660 211720
1515973406 211737
1515973536 211738
1516057193 211818
1516057268 211831
1516057305 211818
1516058659 211834
1516059600 211808
1516096477 211762
1516139602 211808
1516306203 218467
1516403798 211806
1516403840 211815
1516630277 211813
1516998821 211814
1517112043 211817
1517306784 211825
1517380288 211862
1517456905 211862
1517518161 211868
1517519900 211869
1517520457 211860
1517520737 211841
1517522010 211839
1517523226 211835
1517523414 211824
1517836354 211838
1517864728 211858
1518157094 211885
1518175112 212703
1518194731 219192
1518725560 211885
1519031899 211887
1519040202 211887
1519104389 212687
1519161134 212822
1519197089 212687
1519206688 212687
1519235461 212963
1519248235 212690
1519323677 212688
1519436489 212965
1519436570 212963
1519533347 212935
1519831917 213042
1519852814 212965
1520023449 218477
1520095523 213116
1520095665 212955
1520165916 212962
1520189099 217542
1520189975 217541
1520233630 218205
1520792852 212977
1520797382 212967
1520797822 212977
1520836775 213139
1520891320 213140
1521087777 213146
1521152626 213145
1521169744 213041
1521178374 213107
1521193310 213145
1521233535 213145
1521379646 213038
1521380250 213415
1521403206 213150
1521479333 213040
1521614127 212991
1521638880 212989
1521657568 213040
1521662540 212989
1521769034 213003
1521816047 213002
1521911512 213002
1521934739 213004
1522221471 213007
1522780888 213107
1522793318 213329
1522812927 213330
1522828596 213118
1522888926 213126
1522909657 213116
1522916619 216421
1522952997 213236
1522966525 213288
1523010244 213233
1523339469 213338
1523415706 213338
1523425190 213354
1523492371 213371
1523513225 213365
1523516048 213363
1523563348 216407
1523701369 216582
1523924164 213385
1524020515 213385
1524020825 216390
1524085342 216344
1524169226 216390
1524207254 216423
1524430306 216406
1524485183 219890
1524504718 216394
1524527486 217659
1524550809 217581
1524561785 216395
1524617636 216407
1524775321 216420
1524943146 216583
1524943490 217540
1524951157 217577
1525043046 218247
1525206724 217547
1525372685 218215
1525504736 217581
1525520717 218245
1525523092 218249
1525607569 218593
1525807034 217645
1525811177 218301
1525981508 218281
1526062781 218218
1526203257 218398
1526417785 218279
1526417842 218282
1526492964 218283
1526665543 219840
1526677579 219864
1527777040 218304
1527797376 218302
1527943252 218454
1528265959 218457
1528400718 218456
1528723898 218460
1529008527 218476
1529526908 218474
1529588939 218502
1529750802 218499
1529755660 218505
1529759892 218742
1529907127 218476
1529908373 218602
1529995732 218636
1530021321 218818
1530052188 218577
1530082428 219400
1530084144 218866
1530099476 219448
1530106989 218577
1530108434 218869
1530109533 218867
1530127948 218918
1530129397 219016
1530212246 219021
1530212753 219019
1530254369 219021
1530256964 219043
1530353446 219059
1530353875 218655
1530356969 218674
1530432981 218711
1530434373 218724
1530465439 218724
1530471890 218725
1530472458 219045
1530474133 218724
1530479504 218727
1530538464 218725
1530565450 218742
1530566205 218802
1530658471 218806
1530658804 218824
1530688251 218840
1530873598 219058
1531052113 219058
1531052357 219046
1531233748 219768
1531244675 219771
1531258894 219071
1531297882 219322
1531335316 227371
1531345979 227388
1531398541 219318
1531400064 219867
1531426441 227400
1531472733 219342
1531489392 227465
1531490337 219768
1531571434 221586
1531593523 219506
1531604684 219451
1531638864 221585
1531830576 219727
1531921968 219899
1531939864 219767
1532074711 219867
1532074746 219867
1532074791 219870
1532124770 219890
1532302368 219890
1532319767 219890
1532546220 221170
1532632150 221191
1533538557 227465
1534062450 219818
1534063435 219867
1534337184 221124
1534963522 221107
1534992973 221106
1535001596 221106
1535150933 221113
1535215223 221206
1535265097 221106
1535362238 221188
1535422291 221108
1535443300 221097
1535513630 221107
1535520845 221186
1535523413 221191
1535528843 223003
1535529051 221186
1535567241 221189
1536252700 221199
1536578362 221682
1536802695 221207
1536861860 221198
1536873934 221151
1537152022 221161
1537805211 221171
1538294813 221596
1538392330 221171
1538560134 221171
1538560198 221178
1538560246 221178
1538561227 221173
1538721330 221175
1538721421 221223
1538721501 221239
1538721686 221244
1538785932 221490
1538912619 221236
1539033405 221494
1539033478 221492
1539206638 221592
1539226407 221585
1539327226 221493
1539379691 221556
1539454265 221592
1539458562 221690
1539527930 221589
1539594315 221678
1539594481 221676
1539858681 221569
1540149737 221674
1540155319 221579
1540371880 221548
1540386548 221674
1540666592 221584
1540767856 221644
1540850740 221619
1540936358 222414
1540939338 222031
1540941556 222407
1540946793 221618
1540946865 221585
1540947080 221576
1540947562 221576
1540947965 221574
1540948335 221571
1540999705 222031
1541011917 221575
1541116244 221566
1541254276 221568
1541356249 222326
1541366731 222387
1541710064 221846
1541806770 222015
1541806840 222018
1541814217 222023
1542630397 222139
1542822055 222410
1542900125 222408
1543789189 223112
1543945138 222389
1544166892 228132
1544253416 222415
1544261915 222398
1544805293 223079
1545000662 223183
1545035778 222906
1545038973 222904
1545042428 223225
1545172679 223065
1545379360 223005
1545674003 223381
1545674662 223419
1545675601 223428
1545675924 223417
1545676040 223385
1545676197 223381
1545676451 223366
1545676565 223208
1545676596 223375
1545676599 223374
1545676606 223343
1545676608 223374
1545676611 223397
1545738812 223368
1545762784 223225
1545862857 223230
1545863855 223231
1546610215 223454
1546814860 222904
1546853681 223471
1546926390 223829
1547349676 222909
1547362442 222911
1547413764 223003
1547431295 223020
1547500423 223030
1547501930 223044
1547636483 223022
1547679572 223044
1547801690 223045
1547819110 223075
1547819651 223079
1547820035 223086
1548171404 223189
1548188093 223195
1548240118 223101
1548260534 223110
1548264234 223105
1548313140 223101
1548363102 226904
1548364239 223179
1548477405 244643
1548478509 227375
1548492009 223110
1548589939 223172
1548589949 228414
1548622048 227083
1548758629 223164
1548779164 223165
1548781995 227379
1549710176 223174
1549738061 223174
1549742169 223198
1550084267 223175
1550227949 223175
1551005954 223223
1551040781 227093
1551040875 227131
1551041871 226899
1551120387 223223
1551121734 223223
1551201628 227092
1551646405 228171
1551647073 228146
1551647526 228144
1551649989 228129
1551737849 228150
1551770136 226922
1551770151 226931
1551954009 226925
1552729349 226931
1552733642 226984
1552748507 227006
1552830338 227191
1552835011 227203
1552842552 227091
1552845905 227160
1553202059 227204
1553273727 227417
1553338900 227369
1553343631 227369
1553465691 227368
1553619109 228364
1553659660 228018
1553830441 227999
1553978469 228118
1554144269 228138
1554279772 228126
1554411774 227951
1554415028 239156
1554420561 239325
1554717482 228117
1554723616 228167
1554961074 227908
1554967837 228096
1555015117 228099
1555058949 228152
1555190199 228110
1555400414 228043
1555400876 228059
1555483974 227731
1555756351 227727
1555795863 227737
1555919655 239063
1555919875 230694
1555920708 230533
1555926536 239036
1555930582 239039
1555969907 230540
1555973246 238992
1556000275 269999
1556053549 239329
1556120245 238977
1556220602 239336
1556222893 239843
1556476850 239337
1556697019 239531
1556700335 239338
1556722549 245746
1556739918 239394
1556848188 239426
1557002914 239421
1557093731 239433
1557098404 239401
1557177103 239419
1557252735 239407
1557269073 239686
1557386386 239419
1557393977 239422
1557398329 239423
1557463367 239423
1557817014 239421
1557875215 239375
1557877241 239414
1557877758 239418
1557878543 239418
1557879107 239373
1557958534 248512
1558052450 239531
1558052478 239529
1558072815 239528
1558076980 239564
1558078739 239528
1558081405 239451
1558086035 239435
1558089673 239531
1558199338 239767
1558733865 239767
1558993614 239843
1560069446 240122
1560542825 240122
1560544833 240408
1560588994 240408
1560807460 240414
1560886334 240418
1560922912 240447
1560936843 240525
1560936846 240597
1560936848 240576
1561142722 242920
1561342789 242920
1561416849 242920
1561459441 242988
1561518382 243118
1561531064 242991
1561532237 242992
1561595564 243141
1561615512 242992
1561620747 242992
1561673091 244693
1561705213 244599
1561705335 244621
1561711296 244623
1561714368 244633
1561848978 244642
1562141889 244674
1562142404 244679
1563782531 244728
1563828555 245088
1563977494 245089
1564384521 245294
1564518344 245294
1564567217 245294
1564607847 245293
1564776940 245306
1564816283 245302
1565386079 245424
1565471207 245467
1565475974 245479
1565527104 245493
1565727981 245432
1565825879 245442
1566737073 245495
1567019618 245564
1567022847 245564
1567024450 245561
1567027631 245561
1567064852 248153
1567155062 248163
1567441746 248408
1567484524 248502
1567603142 248504
1568235642 248459
1568236884 248703
1568247072 248684
1568447967 248504
1568664578 248502
1568665335 248513
1569267523 248464
1569267605 248466
1569673315 248446
1569673518 248444
1569673591 248445
1569758445 248461
1570087307 248684
1570566084 248784
1570700886 245615
1570701149 245616
1570701221 245606
1570702279 248783
1571015277 248178
1571048641 248806
1571125413 248184
1571164036 248747
1571166345 248806
1571216660 248807
1571422719 248183
1571726976 248551
1571782496 247378
1571785504 247382
1571786693 247382
1571786956 247369
1572301283 248555
1573387410 248561
1573735114 248664
1573739314 245592
1573741460 245588
1573742853 245610
1573851114 248669
1573942611 245581
1573995573 245574
1574024510 248670
1574729810 247448
1574734767 247444
1575305164 247513
1575318409 245582
1576658531 247525
1579161558 247369
1579453070 247369
1579479417 246058
1579558748 245598
1580005027 246056
1580013271 245723
1580014867 245721
1580021609 245725
1580022032 245720
1580022774 245721
1580023766 245653
1580024041 245645
1580165059 245598
1580332902 245604
1581288434 245635
1582409906 245616
1582910601 245626
1582926385 245626
1582927150 245626
1583019772 245626
1583021556 245621
1583083001 245627
1583276767 245636
1583437689 245636
1584190524 245615
1584198915 245645
1584358817 245606
1584422319 245693
1584440089 245691
1584440995 245696
1584464748 245607
1584577351 245661
1584649274 245661
1584742447 246102
1584744249 246102
1584744657 245673
1584866251 245696
1584875079 246102
1584950148 246103
1584951069 246103
1584989420 246103
1584994144 246102
1584995108 245490
1585385020 245450
1585954418 245490
1585954461 245490
1586674943 245492
1586680984 245486
1586762987 245514
1586765190 245486
1586765905 245486
1587076966 245518
1587308228 245510
1587308646 245510
1587568366 245496
1587728884 245496
1587778500 245559
1587778538 245559
1587778647 246041
1588061017 246041
1588070997 246112
1588071460 246058
1588183601 245990
1588297050 246115
1588337741 246116
1588337965 246119
1588338175 246124
1588338398 246123
1588372667 246115
1588379547 245769
1588395943 245826
1588395963 245853
1588402278 245908
1588452949 246129
1588509848 245617
1588546725 245630
1589060039 245907
1589063161 245918
1589354165 245990
1589676388 246232
1589797761 246260
1589884556 246241
1589963635 246730
1590013696 246751
1590096310 246756
1590096584 246263
1590224370 246289
1590347944 246295
1590349127 246303
1590351215 246298
1590393256 246292
1590572077 246285
1590643001 246280
1591347294 246011
1591598512 246285
1591598542 246291
1592226754 245990
1592592391 246009
1592601501 246496
1592601550 246579
1592932001 245995
1593629649 246009
1593629670 246013
1593678874 246828
1593906756 246657
1593992509 246657
1594151079 246663
1594152463 246666
1594152822 246670
1594153229 246666
1596606018 246657
1596611321 246656
1597002427 246656
1597567733 246667
1597571811 246667
1597625054 246667
1597625452 246667
1597625473 246675
1597634958 246667
1597701951 246721
1597787587 246659
1597955806 246702
1598042162 246691
1598438491 246691
1598524536 246548
1598524663 246691
1598568594 246584
1598571191 246648
1598646959 246644
1599390615 246648
1600276503 246652
1604525440 246693
1604691936 246693
1605740151 246728
1605740315 246727
1606128790 246750
1606259549 246759
1606259689 246757
1606275942 246797
1606387268 246757
1608589237 246812
1609151439 246787
1611400537 246821
1611405295 246823
1611405331 246797
1611459512 246797
1611536606 246754
1611537549 246756
1612079240 248390
1612083421 248363
1612213380 248368
1614512963 248418
1614536555 248536
1614861826 264009
1614864519 258720
1614864649 264034
1616108552 258726
1616435506 258753
1616803613 258758
1619676865 258756
1620024646 258959
1622968184 259007
1622979209 259007
1623015297 259007
1624001047 259148
1624258575 259127
1624258592 259128
1624818017 259147
1625070910 259407
1630103205 259408
1630105305 259410
1631954263 259410
1632263334 259457
1632265835 259457
1632303449 259410
1632303478 259412
1632304166 259433
1632306046 259410
1632345327 259889
1632364401 259469
1632366336 259884
1632391811 259878
1632393541 259862
1634840730 259859
1634841931 259859
1635076436 259888
1635078922 259718
1635079064 259810
1635081054 259855
1635129909 259904
1635133552 259909
1635138562 260060
1635139754 260105
1635146213 260105
1635194759 260772
1635194903 260775
1635238939 260105
1635290515 260772
1635319433 260772
1635380922 260781
1635381175 260783
1635382278 260785
1636335227 260767
1637544877 261191
1638099577 261198
1638954175 261198
1639472631 261199
1639545614 261205
1639921682 263437
1639927813 263099
1639988730 263437
1640008552 262746
1641014026 263636
1641016119 263429
1641285147 262199
1641319456 262129
1641323378 263101
1641323469 262527
1641323575 262212
1641332985 263335
1641412816 262255
1641413019 263335
1641438479 262330
1641761755 261400
1641779007 263331
1641782812 261431
1641801692 261388
1641927286 269908
1641930799 261362
1644304831 261376
1644308766 262330
1644399100 261441
1644466769 262327
1644466832 262323
1644466916 262331
1644467090 262332
1644531746 270061
1644542678 262331
1644564594 270131
1644829369 261376
1644831915 269909
1644831944 269909
1644833801 269921
1644834537 269947
1644834870 270154
1644834902 270158
1644929056 261432
1644936555 262331
1644952555 261363
1644955720 261363
1644963676 270131
1644963765 270160
1644964663 270163
1644966826 261378
1645017564 261376
1645027848 270319
1645027887 270020
1645027930 270013
1645028012 270320
1645028383 269847
1645028611 269844
1645030508 262017
1645033342 270318
1645075040 262323
1645088380 269815
1645111661 262009
1645112174 270130
1645126382 270132
1645126547 270132
1645148534 262008
1645213174 270317
1645214558 268202
1645214938 268212
1645214960 268212
1645216087 270315
1645217060 269910
1645220051 269906
1645228411 269814
1645237136 269893
1645237145 269893
1645257465 270009
1645257475 270004
1645257791 269825
1645274284 269910
1645283852 269894
1645334700 269894
1645340250 269906
1645433349 270014
1645434478 270024
1645437424 270003
1645439414 270003
1645447075 270121
1645449543 270003
1645459381 270003
1645459391 270007
1645461760 270014
1645650242 270130
1645710607 270122
1645827061 270332
1645835668 270132
1645838685 270333
1645885909 270407
1645890987 270407
1645895929 270459
1645897236 270130
1645934560 270486
1646247122 270135
1646255287 270133
